{
  "experiment_id": null,
  "algorithm": "modular_hhl",
  "dimension": 64,
  "condition_number": 1711.6613758257176,
  "num_qubits": 19,
  "num_clock_qubits": 12,
  "decomposition_depth": 2,
  "transpiled_depth": 270384,
  "transpiled_cx_count": 140588,
  "total_gates": 376468,
  "boundary_swaps": 0,
  "sv_fidelity": 0.9946318328646636,
  "sv_fidelity_transpiled": 0.9936193314427888,
  "fidelity_shots": 0.35452559483893686,
  "success_probability": 0.06937100738985646,
  "success_probability_transpiled": 0.0008029519855320754,
  "compile_time_s": 3.530750036239624,
  "circuit_build_time_s": 0.7390613555908203,
  "transpile_calls": 29,
  "per_block_compile_times": {
    "state_prep": 0.007070125007885508,
    "controlled_u_1": 0.010143250008695759,
    "controlled_u_2": 0.010039166998467408,
    "controlled_u_4": 0.010015291991294362,
    "controlled_u_8": 0.010030207995441742,
    "controlled_u_16": 0.009978957998100668,
    "controlled_u_32": 0.009966583995264955,
    "controlled_u_64": 0.009797708000405692,
    "controlled_u_128": 0.009848375004366972,
    "controlled_u_256": 0.009970166996936314,
    "controlled_u_512": 0.00995574999251403,
    "controlled_u_1024": 0.010009250006987713,
    "controlled_u_2048": 0.00996599999780301,
    "qft": 0.0005554999952437356,
    "controlled_rotations": 0.15168024999729823,
    "inverse_qft": 0.0005642500036628917,
    "inverse_controlled_u_2048": 0.009971708001103252,
    "inverse_controlled_u_1024": 0.009787667004275136,
    "inverse_controlled_u_512": 0.009989750004024245,
    "inverse_controlled_u_256": 0.009825000001001172,
    "inverse_controlled_u_128": 0.00982487500004936,
    "inverse_controlled_u_64": 0.009791332995519042,
    "inverse_controlled_u_32": 0.009900832999846898,
    "inverse_controlled_u_16": 0.009940875010215677,
    "inverse_controlled_u_8": 0.009904667007504031,
    "inverse_controlled_u_4": 0.009955625006114133,
    "inverse_controlled_u_2": 0.00997629199991934,
    "inverse_controlled_u_1": 0.009961959003703669,
    "measurement": 0.00024500000290572643
  },
  "fidelity_noisy": null,
  "noise_cx_error": null,
  "error": null,
  "exit_code": 0
}