{
  "experiment_id": null,
  "algorithm": "modular_hhl",
  "dimension": 4,
  "condition_number": 9.472135954999583,
  "num_qubits": 8,
  "num_clock_qubits": 5,
  "decomposition_depth": 1,
  "transpiled_depth": 793,
  "transpiled_cx_count": 393,
  "total_gates": 1084,
  "boundary_swaps": 0,
  "sv_fidelity": 0.9243173024869497,
  "sv_fidelity_transpiled": 0.9243173024869499,
  "fidelity_shots": 0.9237666993462961,
  "success_probability": 0.3846373242312585,
  "success_probability_transpiled": 0.3846373242312495,
  "compile_time_s": 0.019353866577148438,
  "circuit_build_time_s": 0.002026081085205078,
  "transpile_calls": 5,
  "per_block_compile_times": {
    "state_prep": 0.0008165840117726475,
    "qpe": 0.0004341669991845265,
    "controlled_rotations": 0.002173083004890941,
    "inverse_qpe": 0.00038049998693168163,
    "measurement": 0.00012629199773073196
  },
  "fidelity_noisy": null,
  "noise_cx_error": null,
  "error": null,
  "exit_code": 0
}