{
  "experiment_id": null,
  "algorithm": "modular_hhl",
  "dimension": 8,
  "condition_number": 32.16343747752637,
  "num_qubits": 11,
  "num_clock_qubits": 7,
  "decomposition_depth": 1,
  "transpiled_depth": 3673,
  "transpiled_cx_count": 1914,
  "total_gates": 5094,
  "boundary_swaps": 0,
  "sv_fidelity": 0.9861913130064518,
  "sv_fidelity_transpiled": 0.9861913130064505,
  "fidelity_shots": 0.9866394039788742,
  "success_probability": 0.3224174640898084,
  "success_probability_transpiled": 0.3224174640897832,
  "compile_time_s": 0.052256107330322266,
  "circuit_build_time_s": 0.004884958267211914,
  "transpile_calls": 5,
  "per_block_compile_times": {
    "state_prep": 0.0012828749895561486,
    "qpe": 0.0011834169999929145,
    "controlled_rotations": 0.005670084006851539,
    "inverse_qpe": 0.0011266670044278726,
    "measurement": 0.00015062499733176082
  },
  "fidelity_noisy": null,
  "noise_cx_error": null,
  "error": null,
  "exit_code": 0
}