{
  "name": "ibm_boston",
  "vendor": "ibm",
  "type": "hardware",
  "noise": true,
  "num_qubits": 156,
  "coupling_map": [
    [
      0,
      1
    ],
    [
      1,
      0
    ],
    [
      1,
      2
    ],
    [
      2,
      1
    ],
    [
      2,
      3
    ],
    [
      3,
      2
    ],
    [
      3,
      4
    ],
    [
      3,
      16
    ],
    [
      4,
      3
    ],
    [
      4,
      5
    ],
    [
      5,
      4
    ],
    [
      5,
      6
    ],
    [
      6,
      5
    ],
    [
      6,
      7
    ],
    [
      7,
      6
    ],
    [
      7,
      8
    ],
    [
      7,
      17
    ],
    [
      8,
      7
    ],
    [
      8,
      9
    ],
    [
      9,
      8
    ],
    [
      9,
      10
    ],
    [
      10,
      9
    ],
    [
      10,
      11
    ],
    [
      11,
      10
    ],
    [
      11,
      12
    ],
    [
      11,
      18
    ],
    [
      12,
      11
    ],
    [
      12,
      13
    ],
    [
      13,
      12
    ],
    [
      13,
      14
    ],
    [
      14,
      13
    ],
    [
      14,
      15
    ],
    [
      15,
      14
    ],
    [
      15,
      19
    ],
    [
      16,
      3
    ],
    [
      16,
      23
    ],
    [
      17,
      7
    ],
    [
      17,
      27
    ],
    [
      18,
      11
    ],
    [
      18,
      31
    ],
    [
      19,
      15
    ],
    [
      19,
      35
    ],
    [
      20,
      21
    ],
    [
      21,
      20
    ],
    [
      21,
      22
    ],
    [
      21,
      36
    ],
    [
      22,
      21
    ],
    [
      22,
      23
    ],
    [
      23,
      16
    ],
    [
      23,
      22
    ],
    [
      23,
      24
    ],
    [
      24,
      23
    ],
    [
      24,
      25
    ],
    [
      25,
      24
    ],
    [
      25,
      26
    ],
    [
      25,
      37
    ],
    [
      26,
      25
    ],
    [
      26,
      27
    ],
    [
      27,
      17
    ],
    [
      27,
      26
    ],
    [
      27,
      28
    ],
    [
      28,
      27
    ],
    [
      28,
      29
    ],
    [
      29,
      28
    ],
    [
      29,
      30
    ],
    [
      29,
      38
    ],
    [
      30,
      29
    ],
    [
      30,
      31
    ],
    [
      31,
      18
    ],
    [
      31,
      30
    ],
    [
      31,
      32
    ],
    [
      32,
      31
    ],
    [
      32,
      33
    ],
    [
      33,
      32
    ],
    [
      33,
      34
    ],
    [
      33,
      39
    ],
    [
      34,
      33
    ],
    [
      34,
      35
    ],
    [
      35,
      19
    ],
    [
      35,
      34
    ],
    [
      36,
      21
    ],
    [
      36,
      41
    ],
    [
      37,
      25
    ],
    [
      37,
      45
    ],
    [
      38,
      29
    ],
    [
      38,
      49
    ],
    [
      39,
      33
    ],
    [
      39,
      53
    ],
    [
      40,
      41
    ],
    [
      41,
      36
    ],
    [
      41,
      40
    ],
    [
      41,
      42
    ],
    [
      42,
      41
    ],
    [
      42,
      43
    ],
    [
      43,
      42
    ],
    [
      43,
      44
    ],
    [
      43,
      56
    ],
    [
      44,
      43
    ],
    [
      44,
      45
    ],
    [
      45,
      37
    ],
    [
      45,
      44
    ],
    [
      45,
      46
    ],
    [
      46,
      45
    ],
    [
      46,
      47
    ],
    [
      47,
      46
    ],
    [
      47,
      48
    ],
    [
      47,
      57
    ],
    [
      48,
      47
    ],
    [
      48,
      49
    ],
    [
      49,
      38
    ],
    [
      49,
      48
    ],
    [
      49,
      50
    ],
    [
      50,
      49
    ],
    [
      50,
      51
    ],
    [
      51,
      50
    ],
    [
      51,
      52
    ],
    [
      51,
      58
    ],
    [
      52,
      51
    ],
    [
      52,
      53
    ],
    [
      53,
      39
    ],
    [
      53,
      52
    ],
    [
      53,
      54
    ],
    [
      54,
      53
    ],
    [
      54,
      55
    ],
    [
      55,
      54
    ],
    [
      55,
      59
    ],
    [
      56,
      43
    ],
    [
      56,
      63
    ],
    [
      57,
      47
    ],
    [
      57,
      67
    ],
    [
      58,
      51
    ],
    [
      58,
      71
    ],
    [
      59,
      55
    ],
    [
      59,
      75
    ],
    [
      60,
      61
    ],
    [
      61,
      60
    ],
    [
      61,
      62
    ],
    [
      61,
      76
    ],
    [
      62,
      61
    ],
    [
      62,
      63
    ],
    [
      63,
      56
    ],
    [
      63,
      62
    ],
    [
      63,
      64
    ],
    [
      64,
      63
    ],
    [
      64,
      65
    ],
    [
      65,
      64
    ],
    [
      65,
      66
    ],
    [
      65,
      77
    ],
    [
      66,
      65
    ],
    [
      66,
      67
    ],
    [
      67,
      57
    ],
    [
      67,
      66
    ],
    [
      67,
      68
    ],
    [
      68,
      67
    ],
    [
      68,
      69
    ],
    [
      69,
      68
    ],
    [
      69,
      70
    ],
    [
      69,
      78
    ],
    [
      70,
      69
    ],
    [
      70,
      71
    ],
    [
      71,
      58
    ],
    [
      71,
      70
    ],
    [
      71,
      72
    ],
    [
      72,
      71
    ],
    [
      72,
      73
    ],
    [
      73,
      72
    ],
    [
      73,
      74
    ],
    [
      73,
      79
    ],
    [
      74,
      73
    ],
    [
      74,
      75
    ],
    [
      75,
      59
    ],
    [
      75,
      74
    ],
    [
      76,
      61
    ],
    [
      76,
      81
    ],
    [
      77,
      65
    ],
    [
      77,
      85
    ],
    [
      78,
      69
    ],
    [
      78,
      89
    ],
    [
      79,
      73
    ],
    [
      79,
      93
    ],
    [
      80,
      81
    ],
    [
      81,
      76
    ],
    [
      81,
      80
    ],
    [
      81,
      82
    ],
    [
      82,
      81
    ],
    [
      82,
      83
    ],
    [
      83,
      82
    ],
    [
      83,
      84
    ],
    [
      83,
      96
    ],
    [
      84,
      83
    ],
    [
      84,
      85
    ],
    [
      85,
      77
    ],
    [
      85,
      84
    ],
    [
      85,
      86
    ],
    [
      86,
      85
    ],
    [
      86,
      87
    ],
    [
      87,
      86
    ],
    [
      87,
      88
    ],
    [
      87,
      97
    ],
    [
      88,
      87
    ],
    [
      88,
      89
    ],
    [
      89,
      78
    ],
    [
      89,
      88
    ],
    [
      89,
      90
    ],
    [
      90,
      89
    ],
    [
      90,
      91
    ],
    [
      91,
      90
    ],
    [
      91,
      92
    ],
    [
      91,
      98
    ],
    [
      92,
      91
    ],
    [
      92,
      93
    ],
    [
      93,
      79
    ],
    [
      93,
      92
    ],
    [
      93,
      94
    ],
    [
      94,
      93
    ],
    [
      94,
      95
    ],
    [
      95,
      94
    ],
    [
      95,
      99
    ],
    [
      96,
      83
    ],
    [
      96,
      103
    ],
    [
      97,
      87
    ],
    [
      97,
      107
    ],
    [
      98,
      91
    ],
    [
      98,
      111
    ],
    [
      99,
      95
    ],
    [
      99,
      115
    ],
    [
      100,
      101
    ],
    [
      101,
      100
    ],
    [
      101,
      102
    ],
    [
      101,
      116
    ],
    [
      102,
      101
    ],
    [
      102,
      103
    ],
    [
      103,
      96
    ],
    [
      103,
      102
    ],
    [
      103,
      104
    ],
    [
      104,
      103
    ],
    [
      104,
      105
    ],
    [
      105,
      104
    ],
    [
      105,
      106
    ],
    [
      105,
      117
    ],
    [
      106,
      105
    ],
    [
      106,
      107
    ],
    [
      107,
      97
    ],
    [
      107,
      106
    ],
    [
      107,
      108
    ],
    [
      108,
      107
    ],
    [
      108,
      109
    ],
    [
      109,
      108
    ],
    [
      109,
      110
    ],
    [
      109,
      118
    ],
    [
      110,
      109
    ],
    [
      110,
      111
    ],
    [
      111,
      98
    ],
    [
      111,
      110
    ],
    [
      111,
      112
    ],
    [
      112,
      111
    ],
    [
      112,
      113
    ],
    [
      113,
      112
    ],
    [
      113,
      114
    ],
    [
      113,
      119
    ],
    [
      114,
      113
    ],
    [
      114,
      115
    ],
    [
      115,
      99
    ],
    [
      115,
      114
    ],
    [
      116,
      101
    ],
    [
      116,
      121
    ],
    [
      117,
      105
    ],
    [
      117,
      125
    ],
    [
      118,
      109
    ],
    [
      118,
      129
    ],
    [
      119,
      113
    ],
    [
      119,
      133
    ],
    [
      120,
      121
    ],
    [
      121,
      116
    ],
    [
      121,
      120
    ],
    [
      121,
      122
    ],
    [
      122,
      121
    ],
    [
      122,
      123
    ],
    [
      123,
      122
    ],
    [
      123,
      124
    ],
    [
      123,
      136
    ],
    [
      124,
      123
    ],
    [
      124,
      125
    ],
    [
      125,
      117
    ],
    [
      125,
      124
    ],
    [
      125,
      126
    ],
    [
      126,
      125
    ],
    [
      126,
      127
    ],
    [
      127,
      126
    ],
    [
      127,
      128
    ],
    [
      127,
      137
    ],
    [
      128,
      127
    ],
    [
      128,
      129
    ],
    [
      129,
      118
    ],
    [
      129,
      128
    ],
    [
      129,
      130
    ],
    [
      130,
      129
    ],
    [
      130,
      131
    ],
    [
      131,
      130
    ],
    [
      131,
      132
    ],
    [
      131,
      138
    ],
    [
      132,
      131
    ],
    [
      132,
      133
    ],
    [
      133,
      119
    ],
    [
      133,
      132
    ],
    [
      133,
      134
    ],
    [
      134,
      133
    ],
    [
      134,
      135
    ],
    [
      135,
      134
    ],
    [
      135,
      139
    ],
    [
      136,
      123
    ],
    [
      136,
      143
    ],
    [
      137,
      127
    ],
    [
      137,
      147
    ],
    [
      138,
      131
    ],
    [
      138,
      151
    ],
    [
      139,
      135
    ],
    [
      139,
      155
    ],
    [
      140,
      141
    ],
    [
      141,
      140
    ],
    [
      141,
      142
    ],
    [
      142,
      141
    ],
    [
      142,
      143
    ],
    [
      143,
      136
    ],
    [
      143,
      142
    ],
    [
      143,
      144
    ],
    [
      144,
      143
    ],
    [
      144,
      145
    ],
    [
      145,
      144
    ],
    [
      145,
      146
    ],
    [
      146,
      145
    ],
    [
      146,
      147
    ],
    [
      147,
      137
    ],
    [
      147,
      146
    ],
    [
      147,
      148
    ],
    [
      148,
      147
    ],
    [
      148,
      149
    ],
    [
      149,
      148
    ],
    [
      149,
      150
    ],
    [
      150,
      149
    ],
    [
      150,
      151
    ],
    [
      151,
      138
    ],
    [
      151,
      150
    ],
    [
      151,
      152
    ],
    [
      152,
      151
    ],
    [
      152,
      153
    ],
    [
      153,
      152
    ],
    [
      153,
      154
    ],
    [
      154,
      153
    ],
    [
      154,
      155
    ],
    [
      155,
      139
    ],
    [
      155,
      154
    ]
  ],
  "basis_gates": [
    "rz",
    "reset_2",
    "id",
    "measure_2",
    "measure",
    "reset",
    "if_else",
    "delay",
    "cz",
    "x",
    "sx"
  ],
  "t1": {
    "0": 183.6028553751579,
    "1": 262.832130111225,
    "2": 16.157557320244525,
    "3": 267.3406322917386,
    "4": 279.9408020264531,
    "5": 198.67915766845005,
    "6": 269.5624035978287,
    "7": 291.05669103392546,
    "8": 120.63047794744405,
    "9": 64.6614802060962,
    "10": 132.21941887811573,
    "11": 188.04663703565004,
    "12": 194.24847507977063,
    "13": 318.64354532116846,
    "14": 229.58366827483965,
    "15": 201.63882992598914,
    "16": 280.41672233133835,
    "17": 230.10521932400778,
    "18": 237.11999911564544,
    "19": 309.97851755177663,
    "20": 326.0151789359895,
    "21": 298.30850725037175,
    "22": 265.4634958687607,
    "23": 363.2904323995306,
    "24": 206.2215206334707,
    "25": 152.59834707892148,
    "26": 253.27048396957395,
    "27": 321.2263918678341,
    "28": 305.5619189310364,
    "29": 262.99394154562293,
    "30": 171.99097859355402,
    "31": 320.06805397838104,
    "32": 305.0785224183118,
    "33": 254.37912409003115,
    "34": 270.12669496853846,
    "35": 276.36710209893863,
    "36": 302.36079562259414,
    "37": 234.7774658042728,
    "38": 272.4188387566443,
    "39": 251.54870998284534,
    "40": 203.69512068285724,
    "41": 212.74712715004648,
    "42": 306.7981172246739,
    "43": 328.89729593019314,
    "44": 198.16008666540205,
    "45": 204.12832542656363,
    "46": 14.450101623063002,
    "47": 276.41986313435666,
    "48": 237.30205524841344,
    "49": 261.60320549912393,
    "50": 227.6341319633357,
    "51": 205.16829294767837,
    "52": 275.0313442062831,
    "53": 204.13687261487473,
    "54": 272.7133063088408,
    "55": 333.8576458508168,
    "56": 294.6456447367227,
    "57": 285.31142833436974,
    "58": 236.46056741975647,
    "59": 29.325819185544667,
    "60": 263.3497337726649,
    "61": 344.72304021167923,
    "62": 253.04202633542508,
    "63": 235.8414428016469,
    "64": 26.909616112832854,
    "65": 207.2578758613742,
    "66": 257.8441045336821,
    "67": 306.8422974751375,
    "68": 242.06157323227185,
    "69": 338.20814410331485,
    "70": 106.38719167147586,
    "71": 344.7789800124616,
    "72": 291.58669160226503,
    "73": 188.29506999619682,
    "74": 310.83926998379786,
    "75": 298.6947520250591,
    "76": 285.36195173494184,
    "77": 258.1263061738169,
    "78": 266.0133563535315,
    "79": 273.78633294005,
    "80": 257.9271665663182,
    "81": 382.9212673140101,
    "82": 315.7746660839694,
    "83": 282.3316866276533,
    "84": 262.9923556510374,
    "85": 8.649955674543984,
    "86": 247.10757083527025,
    "87": 216.54791802581923,
    "88": 299.2601220879968,
    "89": 254.21786747377462,
    "90": 190.936734244351,
    "91": 285.75403237546635,
    "92": 247.3315468516185,
    "93": 346.07204774228245,
    "94": 307.03443245635975,
    "95": 320.4214197884278,
    "96": 301.12170570719115,
    "97": 125.15161569934624,
    "98": 265.904021465365,
    "99": 183.57682373287733,
    "100": 218.04093759757072,
    "101": 289.71398033783964,
    "102": 246.93115115547863,
    "103": 330.7395904537195,
    "104": 289.75090328585094,
    "105": 362.2973044559347,
    "106": 187.46011389058663,
    "107": 21.72063507123626,
    "108": 273.2378195320728,
    "109": 347.419092980419,
    "110": 321.6675193249361,
    "111": 323.40956855799794,
    "112": 40.39049793348214,
    "113": 345.3019358323695,
    "114": 295.4595100796928,
    "115": 277.84691444013487,
    "116": 313.477862211345,
    "117": 234.81373273432845,
    "118": 218.8822602944551,
    "119": 283.75892322012646,
    "120": 298.7447625404715,
    "121": 119.47088781316296,
    "122": 285.9795501534165,
    "123": 320.9104165795882,
    "124": 267.31376428163145,
    "125": 258.06030452143654,
    "126": 204.1804010358266,
    "127": 247.03895749415366,
    "128": 287.33761801952505,
    "129": 273.64558657238524,
    "130": 316.3687094792677,
    "131": 341.61608242793034,
    "132": 234.9251044208327,
    "133": 241.54573014903713,
    "134": 204.67123331999625,
    "135": 296.9308193140398,
    "136": 236.68993147280295,
    "137": 175.3928225397051,
    "138": 292.33221771692087,
    "139": 317.29802256816583,
    "140": 252.74532364374815,
    "141": 395.7162268288452,
    "142": 242.01580407057915,
    "143": 430.0495845524736,
    "144": 225.90513897562482,
    "145": 327.72789475260396,
    "146": 16.62724731372822,
    "147": 369.0168996042215,
    "148": 312.88273173296875,
    "149": 169.47017577496953,
    "150": 91.18578127496376,
    "151": 232.39203927761093,
    "152": 285.1612545924913,
    "153": 325.6381957390239,
    "154": 291.3751914836405,
    "155": 349.1483377274062
  },
  "t2": {
    "0": 182.67623343622984,
    "1": 348.28444572672237,
    "2": 32.18577488833633,
    "3": 369.46727319771844,
    "4": 459.7404209690457,
    "5": 375.81532380463,
    "6": 279.7681745892138,
    "7": 323.62061575988554,
    "8": 187.6542984226527,
    "9": 83.45758165329396,
    "10": 28.27117235133185,
    "11": 119.73652884446689,
    "12": 272.89696488197967,
    "13": 429.89994094968705,
    "14": 359.86096727238925,
    "15": 337.5636195800946,
    "16": 469.17620543980456,
    "17": 217.4275343786777,
    "18": 258.2625575752061,
    "19": 452.89556133841444,
    "20": 559.3942533552392,
    "21": 282.9128549976405,
    "22": 287.5724660509727,
    "23": 401.04345348294225,
    "24": 267.63772418075035,
    "25": 212.58541121370874,
    "26": 241.5181373100481,
    "27": 361.5577551756764,
    "28": 515.2093145930193,
    "29": 239.1451137066221,
    "30": 199.7765050796011,
    "31": 273.49580199598375,
    "32": 332.6447604238764,
    "33": 248.27299538341572,
    "34": 334.5712596026558,
    "35": 428.72789425942113,
    "36": 332.5224328239855,
    "37": 352.00078334175544,
    "38": 395.54362692949144,
    "39": 254.65264891492095,
    "40": 278.481301082468,
    "41": 253.69762878405402,
    "42": 418.4304391548778,
    "43": 361.63058714514864,
    "44": 232.55336435149414,
    "45": 242.0143871831857,
    "46": 50.22513907301605,
    "47": 269.05540945047215,
    "48": 376.73807796674504,
    "49": 229.32555243551403,
    "50": 186.75334175975732,
    "51": 178.52136713003733,
    "52": 289.55275273697384,
    "53": 246.16125081345555,
    "54": 349.05739793593233,
    "55": 346.49837340073555,
    "56": 381.7855552468459,
    "57": 317.8904249856643,
    "58": 282.30302374350384,
    "59": 55.22647301490139,
    "60": 371.10112440089415,
    "61": 388.9089451450277,
    "62": 240.96235689632294,
    "63": 260.66820304953137,
    "64": 48.06767566670057,
    "65": 152.91440799612857,
    "66": 297.5029878507129,
    "67": 477.04640221153755,
    "68": 187.46128352308455,
    "69": 266.49076906167005,
    "70": 191.0771494513143,
    "71": 291.95469829489025,
    "72": 512.547484122043,
    "73": 207.04794535229684,
    "74": 264.1160901338753,
    "75": 426.34024001102176,
    "76": 312.95241835670663,
    "77": 336.77514294930575,
    "78": 320.0065407449318,
    "79": 274.9857771639374,
    "80": 338.6335733980533,
    "81": 404.3309338518204,
    "82": 377.4990213500092,
    "83": 341.60061477947215,
    "84": 302.4493701709343,
    "85": 23.237256909786968,
    "86": 325.95394431579257,
    "87": 315.4658861220218,
    "88": 511.17758409773666,
    "89": 221.91212942582908,
    "90": 205.21869032875463,
    "91": 432.4365387685891,
    "92": 356.59415158377254,
    "93": 375.7332592841867,
    "94": 359.2836675187527,
    "95": 416.8441565704613,
    "96": 445.81747732131004,
    "97": 221.31520646561546,
    "98": 359.91860277487524,
    "99": 292.16479451913807,
    "100": 397.06390887330934,
    "101": 270.55041528925136,
    "102": 292.376991056634,
    "103": 489.85782363924505,
    "104": 484.884954075482,
    "105": 425.9319970648589,
    "106": 274.7427649516217,
    "107": 49.790136596519545,
    "108": 415.183778584425,
    "109": 432.10602458206915,
    "110": 378.7431399129965,
    "111": 444.9628815206309,
    "112": 73.9710158563592,
    "113": 424.31712259678056,
    "114": 481.8198570038297,
    "115": 394.51031419761244,
    "116": 331.34262350523477,
    "117": 370.0238810057982,
    "118": 376.67642221924535,
    "119": 383.0883372462978,
    "120": 360.36228639511245,
    "121": 129.61761773498927,
    "122": 314.233657373904,
    "123": 365.3726294102716,
    "124": 442.46726498662196,
    "125": 331.83345112751005,
    "126": 198.49392942125525,
    "127": 270.4166348963015,
    "128": 322.1246929345547,
    "129": 458.2927595703528,
    "130": 371.5679839294448,
    "131": 353.39154716645936,
    "132": 260.4792676507945,
    "133": 260.7601812814773,
    "134": 231.25519801892094,
    "135": 318.2320407657066,
    "136": 273.36839650101666,
    "137": 252.4133457051396,
    "138": 337.41806109067284,
    "139": 315.4868818663419,
    "140": 383.4624923604639,
    "141": 496.0665619739991,
    "142": 229.89813268205486,
    "143": 467.3557018849959,
    "144": 317.61344700662704,
    "145": 296.9290557737932,
    "146": 19.675732373322983,
    "147": 384.85125523555377,
    "148": 396.4458543674817,
    "149": 260.01296069715914,
    "150": 120.39178464349709,
    "151": 281.77372979302845,
    "152": 372.8915483387112,
    "153": 322.4088510142557,
    "154": 408.3401521734193,
    "155": 392.34314658764083
  },
  "readout_error": {
    "0": 0.00146484375,
    "1": 0.00341796875,
    "2": 0.0185546875,
    "3": 0.00244140625,
    "4": 0.0089111328125,
    "5": 0.005859375,
    "6": 0.007080078125,
    "7": 0.004638671875,
    "8": 0.0072021484375,
    "9": 0.0213623046875,
    "10": 0.035400390625,
    "11": 0.002685546875,
    "12": 0.0048828125,
    "13": 0.0084228515625,
    "14": 0.001708984375,
    "15": 0.0023193359375,
    "16": 0.0037841796875,
    "17": 0.0103759765625,
    "18": 0.00390625,
    "19": 0.00244140625,
    "20": 0.00537109375,
    "21": 0.010009765625,
    "22": 0.0023193359375,
    "23": 0.0029296875,
    "24": 0.0040283203125,
    "25": 0.0035400390625,
    "26": 0.0020751953125,
    "27": 0.062255859375,
    "28": 0.0130615234375,
    "29": 0.003173828125,
    "30": 0.00390625,
    "31": 0.0028076171875,
    "32": 0.005615234375,
    "33": 0.002197265625,
    "34": 0.0054931640625,
    "35": 0.00439453125,
    "36": 0.0040283203125,
    "37": 0.00390625,
    "38": 0.001708984375,
    "39": 0.0081787109375,
    "40": 0.003173828125,
    "41": 0.0030517578125,
    "42": 0.0045166015625,
    "43": 0.0025634765625,
    "44": 0.0037841796875,
    "45": 0.0037841796875,
    "46": 0.0828857421875,
    "47": 0.00244140625,
    "48": 0.0042724609375,
    "49": 0.0050048828125,
    "50": 0.0037841796875,
    "51": 0.002197265625,
    "52": 0.004638671875,
    "53": 0.0150146484375,
    "54": 0.0047607421875,
    "55": 0.0047607421875,
    "56": 0.0023193359375,
    "57": 0.003662109375,
    "58": 0.0074462890625,
    "59": 0.036376953125,
    "60": 0.01123046875,
    "61": 0.002685546875,
    "62": 0.0035400390625,
    "63": 0.0059814453125,
    "64": 0.017333984375,
    "65": 0.003662109375,
    "66": 0.0028076171875,
    "67": 0.00390625,
    "68": 0.0052490234375,
    "69": 0.0052490234375,
    "70": 0.0111083984375,
    "71": 0.005615234375,
    "72": 0.00146484375,
    "73": 0.0029296875,
    "74": 0.0052490234375,
    "75": 0.001220703125,
    "76": 0.00341796875,
    "77": 0.002197265625,
    "78": 0.0020751953125,
    "79": 0.0030517578125,
    "80": 0.00537109375,
    "81": 0.0067138671875,
    "82": 0.0048828125,
    "83": 0.00244140625,
    "84": 0.0020751953125,
    "85": 0.1771240234375,
    "86": 0.0013427734375,
    "87": 0.00390625,
    "88": 0.00341796875,
    "89": 0.0030517578125,
    "90": 0.00439453125,
    "91": 0.0045166015625,
    "92": 0.0018310546875,
    "93": 0.002197265625,
    "94": 0.004150390625,
    "95": 0.0040283203125,
    "96": 0.00439453125,
    "97": 0.0087890625,
    "98": 0.00390625,
    "99": 0.0030517578125,
    "100": 0.0018310546875,
    "101": 0.0040283203125,
    "102": 0.00439453125,
    "103": 0.0030517578125,
    "104": 0.0283203125,
    "105": 0.0015869140625,
    "106": 0.00390625,
    "107": 0.003173828125,
    "108": 0.0037841796875,
    "109": 0.00146484375,
    "110": 0.0029296875,
    "111": 0.003662109375,
    "112": 0.0074462890625,
    "113": 0.00341796875,
    "114": 0.001708984375,
    "115": 0.00244140625,
    "116": 0.00927734375,
    "117": 0.0062255859375,
    "118": 0.0032958984375,
    "119": 0.0028076171875,
    "120": 0.002197265625,
    "121": 0.003173828125,
    "122": 0.0052490234375,
    "123": 0.0040283203125,
    "124": 0.0040283203125,
    "125": 0.0059814453125,
    "126": 0.0023193359375,
    "127": 0.010009765625,
    "128": 0.0025634765625,
    "129": 0.002685546875,
    "130": 0.0086669921875,
    "131": 0.001953125,
    "132": 0.003662109375,
    "133": 0.010009765625,
    "134": 0.0059814453125,
    "135": 0.0029296875,
    "136": 0.0047607421875,
    "137": 0.003662109375,
    "138": 0.0023193359375,
    "139": 0.002197265625,
    "140": 0.00390625,
    "141": 0.003662109375,
    "142": 0.0025634765625,
    "143": 0.00830078125,
    "144": 0.003173828125,
    "145": 0.003662109375,
    "146": 0.1575927734375,
    "147": 0.0054931640625,
    "148": 0.0032958984375,
    "149": 0.004150390625,
    "150": 0.0040283203125,
    "151": 0.0020751953125,
    "152": 0.0020751953125,
    "153": 0.0018310546875,
    "154": 0.00390625,
    "155": 0.0035400390625
  },
  "gate_error": {
    "rz": {},
    "reset_2": {},
    "id": {},
    "measure_2": {},
    "reset": {},
    "if_else": {},
    "delay": {},
    "cz": {
      "0,1": 0.0009747777456300677,
      "1,0": 0.0009747777456300677,
      "1,2": 0.012495263940786566,
      "2,1": 0.012495263940786566,
      "2,3": 0.008200476536985551,
      "3,2": 0.008200476536985551,
      "3,4": 0.0005873313224253607,
      "3,16": 0.0009244397520914993,
      "4,3": 0.0005873313224253607,
      "4,5": 0.0013333269917578106,
      "5,4": 0.0013333269917578106,
      "5,6": 0.001999510973117291,
      "6,5": 0.001999510973117291,
      "6,7": 0.0013727472295521626,
      "7,6": 0.0013727472295521626,
      "7,8": 0.00312174061394227,
      "7,17": 0.0013375522269236384,
      "8,7": 0.00312174061394227,
      "8,9": 0.008144145025737348,
      "9,8": 0.008144145025737348,
      "9,10": 0.01909154612617775,
      "10,9": 0.01909154612617775,
      "10,11": 0.004939605043320444,
      "11,10": 0.004939605043320444,
      "11,12": 0.006161854567026337,
      "11,18": 0.0032357743359586466,
      "12,11": 0.006161854567026337,
      "12,13": 0.0012054885875416588,
      "13,12": 0.0012054885875416588,
      "13,14": 0.0014241008998137905,
      "14,13": 0.0014241008998137905,
      "14,15": 0.0007388141500676848,
      "15,14": 0.0007388141500676848,
      "15,19": 0.0006814539976634781,
      "16,3": 0.0009244397520914993,
      "16,23": 0.0008334803929701817,
      "17,7": 0.0013375522269236384,
      "17,27": 0.0023716064496545064,
      "18,11": 0.0032357743359586466,
      "18,31": 0.000922577476843156,
      "19,15": 0.0006814539976634781,
      "19,35": 0.0009160215408766381,
      "20,21": 0.0012987497326137354,
      "21,20": 0.0012987497326137354,
      "21,22": 0.0012911258236111278,
      "21,36": 0.001270207205975038,
      "22,21": 0.0012911258236111278,
      "22,23": 0.0008329609386465431,
      "23,16": 0.0008334803929701817,
      "23,22": 0.0008329609386465431,
      "23,24": 0.0009127068667954263,
      "24,23": 0.0009127068667954263,
      "24,25": 0.0007231680883629521,
      "25,24": 0.0007231680883629521,
      "25,26": 0.0008930602849037406,
      "25,37": 0.0008364159540175109,
      "26,25": 0.0008930602849037406,
      "26,27": 0.0017995629787601053,
      "27,17": 0.0023716064496545064,
      "27,26": 0.0017995629787601053,
      "27,28": 0.004781142403445682,
      "28,27": 0.004781142403445682,
      "28,29": 0.001156653097745014,
      "29,28": 0.001156653097745014,
      "29,30": 0.00214168837610329,
      "29,38": 0.0012290457036571167,
      "30,29": 0.00214168837610329,
      "30,31": 0.0013949975190523656,
      "31,18": 0.000922577476843156,
      "31,30": 0.0013949975190523656,
      "31,32": 0.0007929055189138945,
      "32,31": 0.0007929055189138945,
      "32,33": 0.0013097294979843022,
      "33,32": 0.0013097294979843022,
      "33,34": 0.0033150962190790223,
      "33,39": 0.0011875688304894272,
      "34,33": 0.0033150962190790223,
      "34,35": 0.0007774782141622139,
      "35,19": 0.0009160215408766381,
      "35,34": 0.0007774782141622139,
      "36,21": 0.001270207205975038,
      "36,41": 0.0011334387656240785,
      "37,25": 0.0008364159540175109,
      "37,45": 0.0008246802815057297,
      "38,29": 0.0012290457036571167,
      "38,49": 0.0013846363999595879,
      "39,33": 0.0011875688304894272,
      "39,53": 0.0021505785646432074,
      "40,41": 0.0012067688641866914,
      "41,36": 0.0011334387656240785,
      "41,40": 0.0012067688641866914,
      "41,42": 0.0009756473277442168,
      "42,41": 0.0009756473277442168,
      "42,43": 0.0010946563020590716,
      "43,42": 0.0010946563020590716,
      "43,44": 0.0010271964796777777,
      "43,56": 0.002034154864906018,
      "44,43": 0.0010271964796777777,
      "44,45": 0.0009239816579757754,
      "45,37": 0.0008246802815057297,
      "45,44": 0.0009239816579757754,
      "45,46": 0.0325797266383826,
      "46,45": 0.0325797266383826,
      "46,47": 0.029821682674382677,
      "47,46": 0.029821682674382677,
      "47,48": 0.0014505202953742913,
      "47,57": 0.001092362305871647,
      "48,47": 0.0014505202953742913,
      "48,49": 0.0015016757638754985,
      "49,38": 0.0013846363999595879,
      "49,48": 0.0015016757638754985,
      "49,50": 0.0017538922617020836,
      "50,49": 0.0017538922617020836,
      "50,51": 0.0016900226988352252,
      "51,50": 0.0016900226988352252,
      "51,52": 0.0009243209888719905,
      "51,58": 0.0011573323923754764,
      "52,51": 0.0009243209888719905,
      "52,53": 0.0007862478204972434,
      "53,39": 0.0021505785646432074,
      "53,52": 0.0007862478204972434,
      "53,54": 0.0006400814178070258,
      "54,53": 0.0006400814178070258,
      "54,55": 0.0007230493344279332,
      "55,54": 0.0007230493344279332,
      "55,59": 0.0014636744120903322,
      "56,43": 0.002034154864906018,
      "56,63": 0.0011464646436208925,
      "57,47": 0.001092362305871647,
      "57,67": 0.0012434284539885876,
      "58,51": 0.0011573323923754764,
      "58,71": 0.0010657062985237331,
      "59,55": 0.0014636744120903322,
      "59,75": 0.0019813157420909278,
      "60,61": 0.0007570713585693667,
      "61,60": 0.0007570713585693667,
      "61,62": 0.000948186572166082,
      "61,76": 0.0010372716913524815,
      "62,61": 0.000948186572166082,
      "62,63": 0.0007760707551416335,
      "63,56": 0.0011464646436208925,
      "63,62": 0.0007760707551416335,
      "63,64": 0.002836934767976834,
      "64,63": 0.002836934767976834,
      "64,65": 0.002880721460052249,
      "65,64": 0.002880721460052249,
      "65,66": 0.0010576431165882638,
      "65,77": 0.0011514862781935586,
      "66,65": 0.0010576431165882638,
      "66,67": 0.0020008984974557165,
      "67,57": 0.0012434284539885876,
      "67,66": 0.0020008984974557165,
      "67,68": 0.0011161478629619082,
      "68,67": 0.0011161478629619082,
      "68,69": 0.0020797374415010283,
      "69,68": 0.0020797374415010283,
      "69,70": 0.001977593642601805,
      "69,78": 0.0012605592715010383,
      "70,69": 0.001977593642601805,
      "70,71": 0.0012266366676392804,
      "71,58": 0.0010657062985237331,
      "71,70": 0.0012266366676392804,
      "71,72": 0.0008677749000235158,
      "72,71": 0.0008677749000235158,
      "72,73": 0.0011259241518648266,
      "73,72": 0.0011259241518648266,
      "73,74": 0.0012698821275347882,
      "73,79": 0.0014358383395555174,
      "74,73": 0.0012698821275347882,
      "74,75": 0.0006681575525695205,
      "75,59": 0.0019813157420909278,
      "75,74": 0.0006681575525695205,
      "76,61": 0.0010372716913524815,
      "76,81": 0.0012151700088905981,
      "77,65": 0.0011514862781935586,
      "77,85": 0.11991010039716593,
      "78,69": 0.0012605592715010383,
      "78,89": 0.001011304803503199,
      "79,73": 0.0014358383395555174,
      "79,93": 0.0032458657005447755,
      "80,81": 0.0008847427574287248,
      "81,76": 0.0012151700088905981,
      "81,80": 0.0008847427574287248,
      "81,82": 0.0008356783234886866,
      "82,81": 0.0008356783234886866,
      "82,83": 0.002197447739698155,
      "83,82": 0.002197447739698155,
      "83,84": 0.003313092085726166,
      "83,96": 0.0009563819106868932,
      "84,83": 0.003313092085726166,
      "84,85": 0.04622824975414069,
      "85,77": 0.11991010039716593,
      "85,84": 0.04622824975414069,
      "85,86": 0.11337508110322854,
      "86,85": 0.11337508110322854,
      "86,87": 0.001074869654467181,
      "87,86": 0.001074869654467181,
      "87,88": 0.0007961665462824508,
      "87,97": 0.0016689840516645738,
      "88,87": 0.0007961665462824508,
      "88,89": 0.001128853965247395,
      "89,78": 0.001011304803503199,
      "89,88": 0.001128853965247395,
      "89,90": 0.0012702936074586724,
      "90,89": 0.0012702936074586724,
      "90,91": 0.0010360425931448536,
      "91,90": 0.0010360425931448536,
      "91,92": 0.0007905030329463103,
      "91,98": 0.0007537469337604297,
      "92,91": 0.0007905030329463103,
      "92,93": 0.0012843989726179783,
      "93,79": 0.0032458657005447755,
      "93,92": 0.0012843989726179783,
      "93,94": 0.001137997189522011,
      "94,93": 0.001137997189522011,
      "94,95": 0.000928750174640891,
      "95,94": 0.000928750174640891,
      "95,99": 0.0008722485605943409,
      "96,83": 0.0009563819106868932,
      "96,103": 0.002858351358923844,
      "97,87": 0.0016689840516645738,
      "97,107": 0.0028465043302939863,
      "98,91": 0.0007537469337604297,
      "98,111": 0.0007292222975570084,
      "99,95": 0.0008722485605943409,
      "99,115": 0.0010749398086944417,
      "100,101": 0.0014986859832455957,
      "101,100": 0.0014986859832455957,
      "101,102": 0.006012496297789299,
      "101,116": 0.0012667138142417322,
      "102,101": 0.006012496297789299,
      "102,103": 0.0019217775218750288,
      "103,96": 0.002858351358923844,
      "103,102": 0.0019217775218750288,
      "103,104": 0.0023396109999137826,
      "104,103": 0.0023396109999137826,
      "104,105": 0.003268435559125843,
      "105,104": 0.003268435559125843,
      "105,106": 0.0008545267462745643,
      "105,117": 0.001533607964600614,
      "106,105": 0.0008545267462745643,
      "106,107": 0.00146917315235362,
      "107,97": 0.0028465043302939863,
      "107,106": 0.00146917315235362,
      "107,108": 0.0009455679812359896,
      "108,107": 0.0009455679812359896,
      "108,109": 0.0009168371427714095,
      "109,108": 0.0009168371427714095,
      "109,110": 0.0012265392651831797,
      "109,118": 0.0025865031510386716,
      "110,109": 0.0012265392651831797,
      "110,111": 0.0015958396262850394,
      "111,98": 0.0007292222975570084,
      "111,110": 0.0015958396262850394,
      "111,112": 0.0016199879171204246,
      "112,111": 0.0016199879171204246,
      "112,113": 0.0016931566783838503,
      "113,112": 0.0016931566783838503,
      "113,114": 0.001314738348812572,
      "113,119": 0.0014675052674974765,
      "114,113": 0.001314738348812572,
      "114,115": 0.0010099446468224138,
      "115,99": 0.0010749398086944417,
      "115,114": 0.0010099446468224138,
      "116,101": 0.0012667138142417322,
      "116,121": 0.0017970678118339467,
      "117,105": 0.001533607964600614,
      "117,125": 0.0012405571478011912,
      "118,109": 0.0025865031510386716,
      "118,129": 0.000974464244658968,
      "119,113": 0.0014675052674974765,
      "119,133": 0.0063958195378933935,
      "120,121": 0.0007568773553976726,
      "121,116": 0.0017970678118339467,
      "121,120": 0.0007568773553976726,
      "121,122": 0.0018424426000487881,
      "122,121": 0.0018424426000487881,
      "122,123": 0.0011045820325942257,
      "123,122": 0.0011045820325942257,
      "123,124": 0.0007589784637292429,
      "123,136": 0.0014223243670533903,
      "124,123": 0.0007589784637292429,
      "124,125": 0.0006740827192216747,
      "125,117": 0.0012405571478011912,
      "125,124": 0.0006740827192216747,
      "125,126": 0.0008967558017157207,
      "126,125": 0.0008967558017157207,
      "126,127": 0.0008548956716603884,
      "127,126": 0.0008548956716603884,
      "127,128": 0.0009543092977765122,
      "127,137": 0.0020730027644243476,
      "128,127": 0.0009543092977765122,
      "128,129": 0.000968956942228455,
      "129,118": 0.000974464244658968,
      "129,128": 0.000968956942228455,
      "129,130": 0.0009993133099531482,
      "130,129": 0.0009993133099531482,
      "130,131": 0.0007241643351107996,
      "131,130": 0.0007241643351107996,
      "131,132": 0.0009013980604480609,
      "131,138": 0.0009411448116314058,
      "132,131": 0.0009013980604480609,
      "132,133": 0.008585508594232433,
      "133,119": 0.0063958195378933935,
      "133,132": 0.008585508594232433,
      "133,134": 0.003917668561621679,
      "134,133": 0.003917668561621679,
      "134,135": 0.0010163815166169266,
      "135,134": 0.0010163815166169266,
      "135,139": 0.0010357289016515725,
      "136,123": 0.0014223243670533903,
      "136,143": 0.004800938773318053,
      "137,127": 0.0020730027644243476,
      "137,147": 0.002476941305625313,
      "138,131": 0.0009411448116314058,
      "138,151": 0.0010875143268707366,
      "139,135": 0.0010357289016515725,
      "139,155": 0.0009114521793549824,
      "140,141": 0.0010308915763074522,
      "141,140": 0.0010308915763074522,
      "141,142": 0.0014835840892763186,
      "142,141": 0.0014835840892763186,
      "142,143": 0.0014986089298452687,
      "143,136": 0.004800938773318053,
      "143,142": 0.0014986089298452687,
